Y
1031
1033
1043
1039
1042
1038
1048
1038
1033
1031
1027
1015
1006
1015
1012
1004
997
1000,5
1007
1019
1011
1000
1010
1005
1017
1016
1018
1018
1035
1035
1030,5
1030
1058
1077
1090
1107
1121
1117
1114
1125
1127
1112
1102
1106
1106
1109
1118
1131
1122
1145
1160
1173
1182
1183
1167
1177
1171
1180
1172
1164
1172
1185
1200
1232
1232
1230
1232
1236
1234
1231
1229
1246
1272
1259
1258
1265
1241
1246
1240
1220
1217
1212
1196
1169
1165,5
1187
1175
1185
1186
1194
1182
1193
1201
1204
1209
1198
1193
1218
1220
1212
1207
1212
1218
1231
1232
1221
1235
1235
1215
1215
1214
1245
1240
1245
1258
1255
1287
1257
1251
1263
1251
1238
1242
1241
1253
1220
1210
1220
1205
1220
1215
1242
1240
1246
1242
1243
1256
1257
1236
1251
1245
1245
1240
1238
1245
1252
1250
1251
1251
1257
1267
1263
1273
1264
1287
1283
1297
1286
1296
1283
1283,5
1307
1297
1305,5
1311
1318
1306
1300
1279
1275
1302
1269
1284
1277
1285
1293
1273
1265
1245
1242
1258
1278
1273
1256
1272
1276
1279
1267
1275
1261
1255
1243
1265
1269
1263
1272
1279
1272
1264
1251
1264
1250
1252
1229
1248
1245
1253
1240
1250
1260
1254
1254
1265
1285
1276
1283
1275
1275
1288
1277
1279
1280
1273
1268
1281
1306
1323
1329
1318
1324
1321
1345
1345
1345
1345
1346
1358
1358
1350
1350
1370
1365
1372
1372
1371
1372
1373
1381,5
1415
1438
1425
1420
1405
1415
1415
1398
1407
1368
1385
1366
1380
1350
1345
1352
1350
1355
1375
1355
1360
1337
1338
1350
1340
1349
1340
1345
1322
1306
1296
1295
1303
1302
1300
1307
1287
1280
1284
1275
1280
1270
1275
1278
1283
1278
1270
1267
1280
1265
1260
1240
1250
1215
1185
1185
1170
1168
1160
1172
1175
1195
1188
1171
1136
1158
1160
1172
1172
1167
1186
1180
1185
1185
1195
1195
1193
1195
1190
1180
1200
1180
1198
1161
1190
1198
1195
1184
1182
1175
1163
1180
1178
1178
1165
1155
1156
1163
1121
1142,5
1147
1145
1160
1155
1154
1173
1197
1215
1223
1220
1232
1228
1221
1235
1236
1238
1232
1225
1223
1227
1232
1230
1227
1222
1232
1230
1230
1222
1233
1245
1231
1226
1234
1231
1218
1218
1204
1204
1205
1198
1201
1200
1193
1197
1183
1155
1162
1161,5
1177
1180
1178
1168
1167
1170
1175
1170
1178
1173
1173
1162
1182
1197
1190
1191
1192
1200
1205
1227
1233
1225
1238
1249
1234
1224
1217
1223
1208
1211,5
1212
1210
1195
1200
1202
1200
1178
1175
1182
1180
1170
1170
1167
1174
1170
1165
1147
1130
1117
1118
1120
1130
1112
1108
1102
1082
1090
1104
1100
1122
1133
1128
1133
1135
1132
1110
1123
1140
1136
1120
1131
1138
1141
1135
1135
1137
1147
1145
1128
1120
1152
1145
1143
1155
1165
1232
1215
1197
1204
1210
1193
1201
1175
1131
1150
1150
1150
1140
1138
1143
1145
1100
1125
1125
1124
1145
1155
1160
1163
1150
1139
1129
1150
1152
1158
1158
1158
1160
1170
1170
1188
1240
1275
1290
1290
1280
1266
1267
1254
1254
1257
1262
1262
1265
1263
1267
1275
1252
1241
1225
1227
1225
1257
1254
1278
1273
1263
1280
1283
1279
1270
1255
1260
1260
1260
1263
1255
1243
1256
1242
1240
1253
1245
1232
1250
1240
1255
1245
1240
1216
1250
1255
1230
1230
1240
1240
1250
1242
1247
1220
1230
1250
1255
1245
1252
1250
1261
1260
1260
1245
1240
1260
1249
1226
1218
1220
1230
1240
1228
1215
1225
1233
1225
1224
1220
1215
1215
1216
1221
1221
1210
1191
1191
1191
1190
1210
1206
1202
1205
1201
1190
1195
1190
1172
1165
1160
1162
1162
1175
1165
1160
1153
1150
1145
1160
1173
1190
1185
1190
1190
1166
1172
1168
1173
1165
1168
1168
1152
1150
1160
1175
1165
1153
1165
1152
1160
1180
1178
1170
1180
1185
1183
1180
1160
1163
1159
1154
1154
1160
1170
1165
1163
1160
1155
1160
1160
1150
1130
1134
1130
1135
1135
1145
1148
1138
1122
1125
1112
1115
1110
1102
1106
1100
1120
1115
1120
1110
1115
1100
1120
1113
1110
1103
1110
1120
1103
1081
1100
1076
1074
1070
1067
1076
1075
1065
1053
1055
1048
1055
1054
1048
1058
1070
1074
1099
1145
1135
1128
1105
1095
1095
1074
1093
1115
1110
1105
1147
1133
1104
1090
1110
1102
1080
1075
1106
1098
1100
1080
1090
1081
1077
1060
1060
1065
1063
1063
1035
1050
1060
1065
1082
1081
1115
1086
1086
1080
1085
1096
1090
1086
1088
1091
1096
1101
1087
1095
1093
1115
1125
1120
1141
1167
1170
1190
1183
1174
1180
1186
1170
1175
1180
1171
1189
1180
1174
1184
1207
1205
1211
1230
1220
1205
1220
1225
1228
1230,5
1250
1258
1270
1298
1281
1278
1262
1262
1243
1254
1290
1280
1280
1280
1278
1271
1262
1270
1263
1270
1273
1263
1248
1245
1232
1245
1230
1242
1230
1216
1212
1213
1224
1218
1207
1212
1215
1215
1222
1230
1225
1225
1212
1177
1154
1192
1204
1206
1193
1205
1195
1212
1220
1216
1220
1210
1215
1215
1215
1210
1225
1225
1217
1227
1235
1265
1262
1256
1251
1246
1242
1245
1235
1225
1228
1242
1233
1243
1236
1231
1246
1265
1271
1276
1295
1275
1280
1284
1290
1285
1280
1295
1280
1280
1262
1255
1280
1280
1295
1289
1300
1285
1276
1290
1280
1270
1260
1260
1248
1251
1247
1255
1260
1241
1236
1231
1230
1230
1221
1232
1211
1211
1230
1221
1260
1265
1260
1285
1300
1275
1255
1250
1227
1223
1220
1235
1222
1228
1218
1195
1205
1210
1194
1203
1207
1210,5
1207
1196
1210
1207
1216
1221
1216
1220
1215
1235
1245
1240
1250
1250
1237
1244
1256
1255
1255
1265
1256
1275
1276
1282
1297
1295
1295
1296
1290
1294
1292
1297
1305
1305
1308
1302
1325
1311
1304
1315
1310
1310
1315
1308
1320
1318
1315
1314
1338
1343
1361
1365
